S = 1
key comps:
1498692
1498851
1498642
1498598
1498255

S = 2
key comps:
1498693
1498682
1498044
1498592
1498709

S = 3
key comps:
1498586
1498664
1498535
1498522
1498683

S = 4
key comps:
1498745
1499305
1499290
1499557
1499069

S = 5
key comps:
1498825
1498544
1498787
1498828
1499017

S = 6
key comps:
1516955
1516639
1516647
1517867
1516962

S = 7
1519647
1519942
1519793
1520542
1520201

S = 8
1520151
1520829
1520706
1519600
1520213

S = 9
1520358
1520313
1520177
1520620
1519871

S = 10
1519667
1520363
1519884
1520022
1519532

S = 11
1520017
1520346
1519440
1520486
1519612

S = 12
1583293
1581629
1582964
1582874
1582764

S = 13
1601847
1601524
1601134
1601852
1601512

S = 14
1601922
1601727
1601579
1601598
1600929

S = 15
1600590
1601713
1601238
1601584
1602198

S = 16
1601998
1602659
1600091
1601253
1601259

S = 17
1600871
1602006
1601000
1601577
1601407

S = 18
1601792
1601470
1601364
1602831
1601418

S = 19
1600906
1602202
1601539
1601424
1601490

S = 20
1601938
1602836
1602204
1601295
1600800

S = 21
1602010
1600778
1600716
1601334
1601896

S = 22
1600615
1601429
1602328
1601519
1601467

S = 23
1726499
1727806
1726345
1727139
1725664

S = 24
1825901
1824951
1824571
1825656
1823457

S = 25
1826709
1824831
1825713
1823062
1826151

S = 26
1825813
1823190
1823920
1825282
1822562

S = 27
1822250
1823284
1824938
1823106
1822425

S = 28
1824596
1822831
1825475
1822119
1823626

S = 29
1824245
1826573
1823261
1823109
1824966

S = 30
1825188
1824688
1824474
1826579
1824263

S = 31
1822841
1822669
1823895
1822689
1824609

S = 32
1823933
1825287
1823497
1823196
1825561

S = 33
1824797
1825622
1824952
1825160
1826454

S = 34
1825317
1820704
1824477
1823425
1824703

S = 35
1825163
1823581
1822361
1823798
1825294

S = 36
1821226
1825494
1823523
1823696
1824525

S = 37
1826493
1826927
1824362
1824558
1825204

S = 38
1825162
1820185
1823631
1823366
1825321

S = 39
1823910
1825804
1825088
1823819
1823298

S = 40
1825465
1825050
1824420
1824720
1824484

S = 41
1824434
1824180
1822208
1824863
1824925

S = 42
1821934
1821539
1823571
1824711
1824438

S = 43
1825496
1825101
1824619
1825389
1824986

S = 44
1824449
1822621
1823466
1824391
1823913

S = 45
1824252
1824709
1823829
1824849
1822915

S = 46
1824425
1825093
1825060
1825634
1823873

S = 47
1912308
1909503
1910101
1912560
1908891

S = 48
2345554
2347838
2341801
2344659
2341514

S = 49
2345217
2345245
2347776
2346427
2344988

S = 50
2344102
2344698
2341081
2343657
2344860